0.0055182 250.26
0.015127 247.93
0.024737 245.83
0.037549 243.5
0.040752 241.63
0.050361 239.99
0.063173 238.36
0.075985 234.86
0.088798 233.46
0.10481 230.43
0.11763 229.03
0.14966 223.43
0.2009 216.19
0.24895 210.12
0.29379 205.22
0.38989 195.19
0.45074 189.59
0.49879 184.22
0.56605 179.55
0.6173 175.82
0.67816 169.75
0.74542 164.62
0.79347 159.95
0.85433 154.81
0.90558 149.21
0.95362 144.55
0.98886 137.31
0.97604 131.94
0.91839 126.11
0.85113 122.38
0.77105 119.57
0.72941 117.47
0.67496 116.31
0.58527 113.51
0.48598 111.17
0.38668 108.61
0.30661 106.97
0.21692 104.64
0.13364 102.77
0.082392 102.07
0.015127 100.67
