0.046369 68.484
0.055995 67.015
0.065621 64.812
0.075247 61.456
0.078455 58.624
0.094498 56.421
0.11375 53.903
0.12338 51.701
0.12979 49.393
0.14584 46.875
0.15867 43.204
0.18434 41.001
0.20359 37.015
0.22284 33.554
0.26776 31.246
0.2806 29.463
0.30627 27.05
0.35119 24.952
0.38006 22.225
0.41857 20.337
0.43782 18.973
0.47311 17.19
0.5052 16.036
0.55333 14.987
0.60146 13.729
0.64959 12.785
0.70413 12.785
0.78435 11.945
0.82606 11.945
0.88703 11.316
0.91911 10.687
0.95761 10.582
0.98649 8.9034
0.98328 8.0642
0.96082 6.9104
0.93195 6.281
0.88382 5.7566
0.83248 4.8125
0.76189 3.8684
0.6913 3.2391
0.63034 2.8195
0.55012 1.9803
0.44103 1.7705
0.37365 1.1412
0.30948 0.82649
0.27097 0.5118
0.1683 0.30201
