0.73943 87.889
0.75226 86.526
0.77152 84.743
0.78114 83.274
0.81002 80.442
0.83569 77.085
0.86457 74.358
0.8774 71.631
0.89665 68.799
0.90949 66.281
0.91911 63.554
0.93515 61.141
0.9512 58.624
0.95441 56.106
0.96403 53.694
0.97366 51.071
0.98008 47.715
0.98328 44.463
0.9897 41.84
0.9897 40.267
0.98649 38.064
0.98649 36.176
0.98649 34.078
0.98649 32.295
0.97687 30.197
0.97366 28.204
0.97366 25.792
0.97366 24.008
0.95441 21.91
0.94157 19.812
0.92232 17.505
0.90628 15.826
0.89344 14.568
0.87098 13.204
0.82606 11.526
0.8036 10.582
0.74264 9.4279
0.70093 7.8545
0.63675 6.4908
0.58542 5.4419
0.53087 4.6027
0.4667 3.4489
0.3929 2.5048
0.34156 1.8754
0.29664 1.351
0.23568 0.93138
0.19717 0.5118
0.15225 0.5118
0.12658 0.4069
